2011 93238,00 1045620,00 45947950,16 186780,00 240055,00 34298,83 27400000000,00 298320000000,00 11,35 73,15 76,10 265794000000,00 267,92 20,10 23590,00
2010 97576,00 1046894,00 45148783,93 159889,00 206116,00 30250,68 24445000000,00 291869000000,00 11,49 76,32 79,79 262071000000,00 282,49 18,00 24259,00
2009 95815,00 1087788,00 44415210,07 189227,00 283387,00 30349,94 25810000000,00 310978000000,00 10,87 78,17 81,80 276909000000,00 317,11 11,30 26343,00
2008 103274,00 1053161,00 43744021,34 185023,00 285038,00 30289,03 25481000000,00 301839000000,00 10,05 78,94 83,19 273820000000,00 343,71 8,30 25726,00
2007 106839,00 985547,00 43132010,50 170438,00 262687,00 31338,53 25125000000,00 295582000000,00 9,44 77,89 82,50 271049000000,00 331,86 8,50 24546,00
2006 104143,00 909298,00 42575970,30 155004,00 232954,00 30159,44 25960000000,00 289445000000,00 8,38 78,75 83,46 266774000000,00 339,44 9,20 23216,00
2005 105988,00 841294,00 42072693,49 146924,00 208410,00 32537,11 24070000000,00 276652000000,00 7,97 76,60 81,84 252909000000,00 327,25 11,00 22030,00
2004 103302,00 783082,00 41618972,83 138119,00 185113,00 32934,07 22527000000,00 257313000000,00 7,81 75,27 80,82 239463000000,00 309,69 11,30 20609,00
2003 99597,00 729258,00 41211601,08 133267,00 175267,00 31652,20 19247000000,00 239917000000,00 7,72 75,42 81,46 231045000000,00 301,71 11,40 19124,00
2002 94465,00 680397,00 40847371,00 129771,00 173210,00 33481,41 17981000000,00 233067000000,00 7,36 73,22 79,85 221512000000,00 285,52 10,50 18085,00
2001 93286,00 629907,00 40523075,34 124177,00 169468,00 31560,55 19266000000,00 220921000000,00 7,04 74,10 80,63 209647000000,00 283,91 13,90 16767,00
2000 89038,00 579942,00 40235506,85 104788,00 139093,00 30657,88 19478000000,00 205837000000,00 6,81 73,62 80,98 194692000000,00 268,43 15,60 15670,00
1999 83390,00 536917,00 39981458,29 99849,00 122856,00 32333,92 18448000000,00 193392000000,00 6,77 70,84 79,53 180163000000,00 248,71 18,60 14322,00
1998 81176,00 505438,00 39757722,42 93419,00 109468,00 31695,00 14098000000,00 189147000000,00 6,63 69,98 80,07 173225000000,00 240,69 20,60 12300,00
1997 76393,00 490476,00 39561092,00 78212,00 94179,00 32696,99 15597000000,00 173365000000,00 6,64 67,08 77,86 159916000000,00 222,37 22,00 11950,00
1996 72205,00 456495,00 39388359,78 69962,21 87142,00 31511,63 15959000000,00 165596000000,00 6,24 68,73 79,60 155612000000,00 232,69 22,70 11300,00
1995 71749,00 425089,00 39236318,51 67883,00 84354,00 32252,09 15155000000,00 160902000000,00 6,22 66,52 78,59 148548000000,00 219,87 23,90 10400,00
1994 68608,00 425936,00 39101760,95 64221,00 82521,00 32922,37 14848000000,00 155439000000,00 6,28 63,93 77,69 143217000000,00 210,14 22,40 9980,00
1993 65132,00 463263,00 38981479,86 62143,00 78899,00 33710,79 14844000000,00 156700000000,00 5,96 64,56 79,25 144515000000,00 224,42 18,10 9900,00
1992 66447,00 443715,00 38872268,00 58421,00 75231,00 34336,45 14539000000,00 154749000000,00 5,87 63,25 77,95 140579000000,00 212,88 16,10 9522,00
1991 65575,00 401686,00 38770918,12 56332,00 71443,00 34591,24 14036000000,00 151206000000,00 5,74 61,60 77,39 137464000000,00 205,23 16,00 8995,00
1990 62850,00 357882,00 38674222,97 55081,00 68212,00 34546,01 12396000000,00 147200000000,00 5,44 60,80 77,61 133682000000,00 202,10 17,00 8571,00
1989 59567,00 302674,00 38578975,31 52766,00 65334,00 30256,78 13499000000,00 138584000000,00 5,50 62,21 79,30 124750000000,00 184,58 18,90 7700,00
1988 57708,00 263138,00 38481967,90 49982,00 62111,00 27895,48 12164000000,00 132606000000,00 5,47 62,38 81,85 119694000000,00 180,18 19,90 5600,00
1987 55263,00 243382,00 38379993,50 45367,00 58998,00 28318,17 11975000000,00 128228000000,00 5,15 60,87 82,89 115919000000,00 179,13 20,60 5500,00
1986 53197,00 226288,00 38269844,86 43107,00 56102,00 26471,71 11838000000,00 125617000000,00 4,98 62,67 85,40 114450000000,00 175,23 21,00 5500,00
1985 49489,00 207776,00 38148314,73 40089,00 53321,00 25073,82 11071000000,00 118106000000,00 4,82 63,93 86,58 111286000000,00 180,48 19,60 5174,00
1984 47557,00 182781,00 38012195,87 38987,00 49982,00 21944,89 10513000000,00 115378000000,00 4,67 67,73 92,00 106581000000,00 189,57 16,90 5017,00
1983 43953,00 190291,00 37858281,04 36898,00 47321,00 19647,35 10568000000,00 113506000000,00 4,48 70,62 93,07 100976000000,00 185,95 15,50 4906,00
1982 41224,00 173339,00 37683363,00 34222,00 44762,00 17704,77 8920000000,00 109996000000,00 4,06 74,24 93,35 100864000000,00 191,15 13,70 4500,00
1981 39889,00 159100,00 37484234,50 32045,00 41998,00 15773,61 9966000000,00 109226000000,00 3,78 76,70 94,03 99135000000,00 187,72 11,10 4561,00